13511.0 20654.0 12413.0 67016.0 26327.0 11360.0 62225.0 30161.0 17849.0 4421.0 -5272.0 -487.0 20078.0 8696.0 3824.0 -7726.0 -39109.0 -11356.0 16904.0 16295.0 18083.0 61136.0 67094.0 13976.0 4922.0 8105.0 38069.0 22529.0 37223.0 21020.0 7910.0 27326.0 41042.0 27203.0 95525.0 110792.0 52358.0 671.0 -31.0 -13339.0 -26488.0 13874.0 12860.0 20930.0 63548.0 23597.0 14147.0 -5914.0
-30733.0 81184.0 -22693.0 24241.0 69300.0 -110809.0 -20762.0 -4354.0 4093.0 51750.0 60689.0 4153.0 32009.0 38130.0 2249.0 77226.0 45732.0 3891.0 7103.0 -704.0 -34391.0 -14166.0 126622.0 51419.0 60345.0 -16190.0 59479.0 -38674.0 -22004.0 24179.0 26948.0 -41946.0 42053.0 -61334.0 -80822.0 -6664.0 79492.0 47422.0 44476.0 44602.0 11606.0 45066.0 58578.0 -63554.0 72202.0 -21004.0 57477.0 13396.0
-10042.0 -30107.0 12873.0 52992.0 85813.0 87822.0 4263.0 59807.0 9774.0 -42537.0 30684.0 53112.0 -21097.0 8972.0 20741.0 -36236.0 85223.0 107001.0 77661.0 41334.0 -14875.0 -105599.0 32779.0 60813.0 4941.0 -93328.0 15507.0 26257.0 39132.0 -32641.0 -4805.0 14700.0 46309.0 -11426.0 52926.0 32425.0 74630.0 -25324.0 43010.0 -16863.0 -49524.0 -16374.0 97711.0 -36662.0 145736.0 38692.0 36460.0 47532.0
-41113.0 79999.0 -122213.0 25741.0 -16808.0 2122.0 55825.0 -34012.0 86379.0 33241.0 -76806.0 44789.0 48552.0 -84181.0 -9356.0 -26724.0 -140002.0 -29415.0 -33276.0 39687.0 85316.0 23300.0 -46335.0 55200.0 110501.0 -5964.0 46324.0 -85193.0 -24293.0 36295.0 56712.0 -44668.0 93895.0 85622.0 -38257.0 12993.0 12278.0 71906.0 25620.0 7740.0 18204.0 -6909.0 -61511.0 -27473.0 -104210.0 5461.0 -36957.0 16858.0
-37519.0 57600.0 -32113.0 64378.0 3707.0 10129.0 -63333.0 40134.0 -48252.0 46168.0 35497.0 17838.0 112822.0 93216.0 -9511.0 -61883.0 83226.0 62996.0 -43427.0 -39850.0 5471.0 -14744.0 -14256.0 -27901.0 -5644.0 2009.0 -19024.0 9889.0 -1214.0 21383.0 -9163.0 56251.0 -138013.0 13541.0 -32368.0 28415.0 72642.0 -72811.0 13950.0 65103.0 -35105.0 37689.0 60075.0 -14176.0 40273.0 39349.0 49169.0 61896.0
-25156.0 91180.0 -62306.0 14687.0 49548.0 -48999.0 -40603.0 -26078.0 -83472.0 8839.0 -50836.0 -18507.0 19054.0 24470.0 72091.0 -22127.0 -87424.0 65143.0 15641.0 14005.0 9695.0 40609.0 18071.0 49833.0 14166.0 -88855.0 71378.0 -6674.0 -40047.0 73074.0 8550.0 43218.0 39536.0 16929.0 -73859.0 -89395.0 83672.0 31175.0 -88623.0 -10746.0 -49487.0 -19175.0 46629.0 4028.0 -111678.0 29750.0 -47789.0 65254.0
-44887.0 33636.0 372.0 30242.0 92629.0 54229.0 56785.0 43311.0 -4787.0 81690.0 -81385.0 35162.0 -28823.0 33711.0 36491.0 76184.0 -52393.0 60031.0 75085.0 -86357.0 40208.0 -24926.0 -21273.0 26090.0 77658.0 49128.0 40477.0 13868.0 -46048.0 2539.0 3591.0 47849.0 -27694.0 130965.0 82805.0 -38049.0 71115.0 16396.0 127891.0 -12483.0 83986.0 -23768.0 86892.0 59840.0 57869.0 -64136.0 7329.0 34844.0
-12880.0 -34321.0 -1824.0 55328.0 -20481.0 -22350.0 -16582.0 38703.0 15373.0 113328.0 30475.0 -50676.0 -61938.0 -14010.0 31769.0 -19312.0 3991.0 -30940.0 53188.0 -7397.0 -40730.0 26596.0 19231.0 -44961.0 -6710.0 -30705.0 5705.0 63882.0 33932.0 14408.0 47303.0 -80872.0 41302.0 -404.0 -6321.0 -2360.0 18664.0 -55288.0 111263.0 43076.0 -27769.0 14434.0 -36710.0 9176.0 50396.0 -1651.0 32071.0 41158.0
22577.0 40692.0 -22287.0 -1030.0 105562.0 -39711.0 -17628.0 -101195.0 -13862.0 65141.0 24081.0 18045.0 39580.0 41863.0 30843.0 -33906.0 106811.0 -58512.0 -18457.0 11235.0 21353.0 -73496.0 113538.0 -589.0 -39713.0 -59251.0 -31610.0 8059.0 12047.0 -41664.0 64189.0 -58988.0 -18543.0 53581.0 41363.0 -12686.0 50486.0 -46118.0 98331.0 20965.0 -18250.0 132692.0 -14443.0 -7718.0 89899.0 -102295.0 -2109.0 37128.0
-61366.0 36467.0 -405.0 13751.0 51502.0 73434.0 43728.0 -29315.0 9905.0 34647.0 70331.0 87293.0 -87355.0 47113.0 -4900.0 -42010.0 22488.0 40974.0 41197.0 63629.0 28194.0 -25701.0 11090.0 -19966.0 4327.0 -23322.0 -772.0 8707.0 -60163.0 47608.0 -131.0 -13373.0 -59481.0 -11445.0 86753.0 14554.0 -16471.0 -65428.0 -54133.0 50625.0 -4713.0 70383.0 -14937.0 27564.0 52626.0 49589.0 6610.0 5384.0
-12280.0 -32317.0 5848.0 46417.0 -21898.0 375.0 41433.0 -2188.0 22067.0 67288.0 -102234.0 10016.0 -8045.0 -86905.0 -2162.0 100212.0 16684.0 -54795.0 -65876.0 20867.0 37770.0 55443.0 72592.0 63323.0 15644.0 -31975.0 -46160.0 45133.0 5156.0 -24905.0 54117.0 8707.0 55321.0 -124836.0 8104.0 50027.0 27290.0 63296.0 8123.0 51807.0 -25093.0 -5936.0 68025.0 2414.0 -14278.0 -15920.0 56927.0 -8994.0
-24574.0 24785.0 -93675.0 16130.0 6679.0 -71638.0 37209.0 6398.0 -74054.0 42821.0 72644.0 27178.0 85559.0 -34696.0 -12818.0 23010.0 48182.0 17501.0 -22431.0 -10666.0 -53108.0 47399.0 -12279.0 -16006.0 27262.0 2539.0 78002.0 -17671.0 -33747.0 23573.0 -23687.0 2765.0 52347.0 18769.0 -5450.0 20768.0 -12249.0 23554.0 -61079.0 37645.0 -42398.0 15969.0 -12686.0 -6940.0 11126.0 11610.0 28287.0 38892.0
23219.0 24539.0 94271.0 47450.0 55766.0 16950.0 -70454.0 4115.0 -14017.0 -112141.0 -42262.0 -22811.0 14550.0 -30812.0 946.0 14183.0 4167.0 75188.0 -33273.0 74870.0 -15919.0 6905.0 47415.0 35847.0 56388.0 -24729.0 -12739.0 53146.0 -16353.0 12778.0 26832.0 -56453.0 43665.0 1266.0 -25302.0 -5715.0 47028.0 10793.0 -89237.0 71219.0 35576.0 1348.0 86082.0 -17855.0 -23628.0 87257.0 -22375.0 43070.0
-37189.0 -17763.0 -24885.0 34781.0 -37332.0 41671.0 19700.0 117837.0 125125.0 65098.0 25406.0 19578.0 96029.0 -5808.0 37510.0 46476.0 37014.0 -37485.0 48551.0 13140.0 -77756.0 -7778.0 60205.0 -57423.0 28745.0 10001.0 59720.0 -20416.0 20266.0 -5873.0 6448.0 11963.0 31279.0 -7035.0 42798.0 -8200.0 93844.0 138994.0 -31145.0 -47731.0 7157.0 7685.0 28173.0 -22502.0 -21655.0 -60070.0 13283.0 31872.0
20210.0 14403.0 -7472.0 41195.0 -53480.0 -6062.0 -78725.0 -72426.0 -2724.0 98541.0 -16173.0 1900.0 22277.0 -48197.0 -42999.0 -75446.0 64820.0 12151.0 -16164.0 102858.0 51550.0 -57177.0 -43090.0 23598.0 -20699.0 5857.0 53793.0 17741.0 57413.0 65437.0 -30992.0 -20352.0 46306.0 -52071.0 -40546.0 -11210.0 -10684.0 -37634.0 111996.0 -63409.0 -65722.0 1854.0 46726.0 9311.0 50930.0 28292.0 23460.0 38312.0
-49987.0 -38062.0 63228.0 14067.0 42268.0 -30660.0 77574.0 -37732.0 -52270.0 -40424.0 35186.0 -38230.0 109483.0 16897.0 59584.0 -108177.0 -94097.0 -8418.0 -12242.0 -12977.0 -32418.0 140083.0 46642.0 59283.0 -92569.0 -31824.0 -56568.0 30750.0 -27951.0 37010.0 15967.0 -26949.0 -21852.0 -7483.0 1764.0 -88541.0 37893.0 -8771.0 64688.0 41526.0 38713.0 -28142.0 -20917.0 -20681.0 7055.0 -109996.0 -8632.0 44948.0
-2419.0 -15303.0 47857.0 -20980.0 -20087.0 -38061.0 61283.0 -12460.0 33154.0 -42217.0 -22337.0 41370.0 -5867.0 42201.0 115648.0 71977.0 86543.0 34534.0 10929.0 -4391.0 -39368.0 -46435.0 44080.0 31088.0 37052.0 -14258.0 -2384.0 -42324.0 71818.0 8191.0 21413.0 36205.0 -12544.0 -12737.0 51420.0 32024.0 -7931.0 24551.0 -28325.0 -13545.0 34844.0 -13132.0 55731.0 -14245.0 82495.0 9655.0 -80627.0 -7794.0
22385.0 42976.0 -10694.0 55485.0 89201.0 -44592.0 39043.0 31248.0 53827.0 -6606.0 -40737.0 -19612.0 28976.0 -11670.0 -29838.0 -59950.0 -40290.0 -6263.0 58910.0 2292.0 59467.0 -56403.0 57968.0 52390.0 20032.0 24423.0 50919.0 -674.0 -14542.0 14624.0 30632.0 -49035.0 11440.0 -62353.0 89.0 478.0 6058.0 116341.0 -51284.0 29077.0 39755.0 21574.0 -43897.0 66244.0 -24541.0 40301.0 93255.0 4432.0
-92719.0 10141.0 33553.0 -72083.0 -7347.0 38842.0 11412.0 34499.0 22114.0 55681.0 45293.0 32934.0 -18773.0 541.0 17548.0 71074.0 -5007.0 30377.0 51159.0 60759.0 57147.0 -61059.0 7972.0 34885.0 16046.0 17857.0 37173.0 21651.0 -3486.0 9645.0 69474.0 68219.0 17840.0 26701.0 -26446.0 -127684.0 -13527.0 8036.0 55384.0 -23329.0 51989.0 -53236.0 22085.0 38668.0 21135.0 -19814.0 45678.0 40844.0
50174.0 -80496.0 -35473.0 47657.0 -663.0 -53953.0 -183.0 35573.0 -83157.0 -75064.0 -18849.0 100268.0 89598.0 88847.0 -38192.0 7376.0 -7616.0 -64376.0 -40378.0 -11275.0 55011.0 91392.0 -11226.0 2748.0 -27416.0 21998.0 -51620.0 115414.0 23828.0 14041.0 -109289.0 3542.0 47477.0 7166.0 41431.0 55836.0 -3876.0 -40649.0 23974.0 38713.0 51783.0 41395.0 -95485.0 86465.0 -13629.0 38213.0 -4200.0 42724.0
-20251.0 91893.0 -4187.0 -5416.0 40115.0 31798.0 64397.0 137182.0 76252.0 28876.0 -43140.0 -38538.0 78978.0 -13674.0 63202.0 63851.0 -12084.0 100884.0 -47756.0 36632.0 -58701.0 -37937.0 -16759.0 44779.0 -47885.0 44522.0 50113.0 7757.0 -43040.0 66808.0 -9315.0 6844.0 10331.0 54063.0 -9823.0 47788.0 2607.0 19556.0 -124270.0 1551.0 12059.0 16899.0 73817.0 -74736.0 -52958.0 129361.0 2267.0 31998.0
17963.0 -4929.0 19643.0 71316.0 44768.0 -3564.0 -89026.0 -17661.0 -38083.0 116765.0 -80717.0 -32538.0 17897.0 27702.0 -43305.0 -13518.0 30503.0 -5130.0 -20250.0 24896.0 54042.0 -4409.0 2941.0 -80372.0 56633.0 -78542.0 1343.0 63027.0 28584.0 -21601.0 -5097.0 -42554.0 23241.0 -8825.0 9553.0 -50366.0 40553.0 88104.0 -24809.0 101876.0 -43761.0 103921.0 31353.0 124777.0 -172824.0 -50215.0 -2771.0 34688.0
-13633.0 49044.0 -33105.0 -1375.0 -80538.0 49738.0 58614.0 52007.0 -83939.0 33896.0 39656.0 27355.0 13776.0 85897.0 -21625.0 12630.0 41329.0 51888.0 66490.0 348.0 60945.0 9041.0 79766.0 25406.0 16227.0 16855.0 12986.0 26239.0 -23715.0 53924.0 40721.0 19788.0 27968.0 -50580.0 48273.0 1702.0 -59212.0 92138.0 -40521.0 -9886.0 -58825.0 -8398.0 -63190.0 102888.0 91949.0 37714.0 -57984.0 31436.0
-79894.0 48172.0 -56766.0 74418.0 21443.0 108919.0 1006.0 31544.0 -21566.0 36064.0 -9572.0 12310.0 -42177.0 63223.0 1965.0 -22882.0 9583.0 -46155.0 -29078.0 -25342.0 4347.0 55255.0 14573.0 -54869.0 36610.0 14168.0 37992.0 46718.0 -81409.0 41777.0 -69159.0 46173.0 54591.0 39086.0 31744.0 59307.0 -126446.0 41555.0 -17269.0 4010.0 20529.0 26861.0 350.0 -4037.0 -15326.0 78882.0 -41836.0 54308.0
2927.0 -16011.0 96506.0 -92824.0 -73086.0 -5353.0 8144.0 46660.0 2069.0 22592.0 106330.0 23713.0 15809.0 9083.0 80253.0 44029.0 45516.0 41723.0 60156.0 34387.0 -109073.0 -21828.0 59604.0 -29735.0 -5882.0 -52654.0 62492.0 -13632.0 38150.0 64285.0 -32474.0 11791.0 -25675.0 34498.0 23197.0 -22285.0 17567.0 54223.0 9640.0 586.0 -40272.0 37300.0 40974.0 14402.0 19431.0 85116.0 -73896.0 80956.0
-8977.0 12592.0 6461.0 45741.0 17288.0 -35261.0 34431.0 35614.0 -111639.0 56794.0 20178.0 54216.0 18913.0 -56548.0 -61305.0 10566.0 -41209.0 -33474.0 45006.0 20585.0 77173.0 -13266.0 45424.0 -18784.0 86854.0 27369.0 81789.0 -49033.0 38451.0 471.0 21006.0 37253.0 -9243.0 -56165.0 21417.0 33909.0 -79801.0 31421.0 14471.0 -27353.0 14037.0 -27162.0 -44329.0 42440.0 74487.0 68721.0 -81820.0 38264.0
-26713.0 -9850.0 91292.0 -126535.0 76685.0 -79555.0 8611.0 36950.0 -4775.0 -104709.0 12075.0 45289.0 2566.0 14457.0 62841.0 5781.0 -22608.0 20064.0 -8767.0 62245.0 -44501.0 27001.0 42287.0 36542.0 -77883.0 -36266.0 49089.0 -6407.0 96604.0 8750.0 -18074.0 12868.0 89178.0 5161.0 35803.0 37356.0 -68578.0 32485.0 6251.0 -27997.0 -3552.0 24993.0 39087.0 -61561.0 31409.0 87586.0 51850.0 22688.0
-1432.0 -35064.0 51839.0 -32110.0 32681.0 15814.0 5547.0 82820.0 -5513.0 -17258.0 4922.0 46636.0 13348.0 -40123.0 120635.0 -13819.0 62626.0 67307.0 56611.0 42954.0 25414.0 20575.0 40604.0 30827.0 22953.0 67297.0 42711.0 -62492.0 25705.0 -13194.0 -5111.0 5427.0 -48469.0 73995.0 -69434.0 67687.0 6624.0 19048.0 18681.0 36710.0 30844.0 -40195.0 -13057.0 62357.0 -61533.0 -36283.0 571.0 48118.0
-32425.0 69306.0 92911.0 38476.0 49133.0 -68019.0 -48666.0 -24733.0 3622.0 -28983.0 38788.0 -59605.0 75901.0 -17203.0 91145.0 -82872.0 -17022.0 -55296.0 -13462.0 -15907.0 -27282.0 -18424.0 27946.0 13142.0 -11441.0 20291.0 -30464.0 118069.0 71286.0 36055.0 -44904.0 9828.0 -14231.0 17375.0 -11118.0 -65458.0 -41735.0 -2908.0 8610.0 -37426.0 -11225.0 36300.0 -7393.0 -43309.0 -55433.0 47640.0 -57319.0 56488.0
-15040.0 -163322.0 81803.0 -115975.0 95917.0 90328.0 46619.0 -1170.0 41293.0 -5115.0 49660.0 -39888.0 5227.0 45055.0 -16117.0 510.0 100464.0 -4334.0 91116.0 42794.0 745.0 54384.0 -87674.0 -51493.0 -7139.0 87205.0 23882.0 -10342.0 39582.0 61016.0 -67656.0 49177.0 33527.0 -9455.0 68017.0 38158.0 -16475.0 42842.0 38839.0 74164.0 60178.0 25183.0 49274.0 54765.0 -34162.0 50607.0 -37912.0 12976.0
57455.0 -60591.0 52162.0 -17427.0 -112869.0 35535.0 34416.0 20285.0 -45440.0 64782.0 10396.0 -13441.0 -16007.0 -29944.0 132427.0 -47523.0 30990.0 -52829.0 44413.0 11138.0 -22573.0 46407.0 167172.0 -22951.0 -14669.0 -10997.0 -2624.0 58168.0 53369.0 18215.0 -11651.0 -23437.0 -5515.0 29678.0 6048.0 66324.0 -52108.0 5677.0 -46248.0 -43461.0 -46845.0 38920.0 58686.0 -66645.0 3949.0 -13606.0 84481.0 26190.0
1862.0 -19974.0 36723.0 10322.0 53727.0 -49726.0 -79019.0 45929.0 21211.0 56092.0 15811.0 17737.0 64987.0 8361.0 31964.0 -72371.0 46603.0 24738.0 5069.0 27025.0 -9936.0 32691.0 -27757.0 -19981.0 8612.0 -46696.0 -34221.0 -58106.0 71686.0 -21731.0 -5720.0 51060.0 -32208.0 -16871.0 -62878.0 46459.0 55052.0 8072.0 42857.0 45317.0 -26112.0 -27605.0 26845.0 26155.0 35578.0 -58470.0 -29231.0 37556.0
-30817.0 14919.0 9256.0 91520.0 93185.0 -34560.0 14945.0 -78006.0 -19464.0 21928.0 20345.0 -31142.0 -68563.0 64946.0 30788.0 -21408.0 10973.0 -25020.0 -824.0 17254.0 -23447.0 -4941.0 41592.0 19186.0 44509.0 65332.0 49929.0 -5363.0 -21923.0 56911.0 18373.0 18210.0 17821.0 60025.0 30944.0 -51519.0 -3848.0 -31007.0 54967.0 -28972.0 110252.0 59124.0 32610.0 35067.0 -3047.0 73363.0 24988.0 56800.0
69023.0 -58236.0 -66476.0 880.0 97309.0 68318.0 -64510.0 21208.0 -24440.0 28349.0 79247.0 6593.0 -47895.0 39391.0 24824.0 -31865.0 -19180.0 38140.0 -91120.0 29647.0 -69425.0 9727.0 -58980.0 -123625.0 30942.0 -11455.0 -9696.0 -21897.0 33926.0 -24557.0 15492.0 36834.0 23441.0 -26156.0 50867.0 71639.0 -17611.0 -67356.0 96139.0 28848.0 -78662.0 -30251.0 -55529.0 127768.0 -7816.0 4867.0 8388.0 33444.0
-13312.0 84694.0 -18739.0 -34830.0 6469.0 127938.0 49595.0 -18838.0 20215.0 -59807.0 -431.0 -61955.0 10493.0 15073.0 71645.0 32250.0 -21124.0 -2578.0 71539.0 -55397.0 24726.0 62459.0 136132.0 -43018.0 -7185.0 56818.0 74973.0 -22317.0 40764.0 -18544.0 -59289.0 10808.0 40438.0 64906.0 54574.0 36184.0 36170.0 -10015.0 39071.0 24825.0 39333.0 18850.0 -82133.0 35145.0 30212.0 -44352.0 84022.0 17988.0
-105226.0 27714.0 8755.0 18596.0 -56462.0 -9213.0 29746.0 -29988.0 58729.0 -44212.0 60998.0 79571.0 -30477.0 27400.0 -52523.0 93401.0 42740.0 -27193.0 46213.0 885.0 -31523.0 -36692.0 76439.0 -11947.0 52680.0 -34262.0 14085.0 30300.0 -78621.0 141080.0 -68370.0 -18343.0 -76500.0 -30603.0 45244.0 24455.0 -40361.0 -84640.0 14077.0 23017.0 15470.0 33128.0 -56144.0 15589.0 47045.0 -41676.0 31404.0 33536.0
2165.0 -15206.0 -84027.0 16780.0 30654.0 -37092.0 25391.0 25884.0 66159.0 -31218.0 1800.0 -36375.0 11964.0 -3201.0 15192.0 -27037.0 32434.0 -39779.0 6640.0 33458.0 -66769.0 -24233.0 21366.0 -78088.0 34034.0 76175.0 -20103.0 29392.0 14535.0 23705.0 29015.0 -7982.0 -424.0 -4952.0 63264.0 310.0 11411.0 30828.0 6310.0 34151.0 -50544.0 18906.0 -33629.0 3807.0 34371.0 24272.0 24076.0 16524.0
50405.0 26165.0 22091.0 -38109.0 -29991.0 -12174.0 68096.0 -46488.0 65423.0 36640.0 -34329.0 67801.0 8513.0 1008.0 1894.0 70157.0 -59121.0 102079.0 -14053.0 1110.0 90998.0 -50213.0 75235.0 -16346.0 -62740.0 31395.0 88110.0 -5355.0 -10415.0 -3135.0 62867.0 824.0 -41320.0 -1591.0 53233.0 35010.0 31020.0 -26748.0 15161.0 95199.0 28599.0 83773.0 76421.0 -534.0 3239.0 -24980.0 29180.0 -8536.0
-42661.0 -4720.0 35248.0 126888.0 1110.0 -46584.0 19334.0 -2191.0 4772.0 -66413.0 -3940.0 1113.0 38410.0 -40622.0 46157.0 35752.0 -12162.0 -60688.0 56872.0 -27782.0 12565.0 -6567.0 -39478.0 54777.0 -41408.0 -19383.0 -44311.0 54375.0 55293.0 -33456.0 6389.0 23189.0 -39148.0 -8445.0 45576.0 15375.0 6908.0 -65538.0 79942.0 -94903.0 11287.0 -70317.0 -45613.0 100135.0 -87386.0 50897.0 74484.0 -5232.0
22469.0 -33714.0 -8289.0 73992.0 56308.0 -45666.0 9134.0 -54760.0 54781.0 66539.0 238.0 21050.0 17772.0 -34719.0 29967.0 56372.0 99169.0 -9673.0 -12172.0 28042.0 -27921.0 29351.0 4651.0 25562.0 79687.0 3011.0 -51239.0 31327.0 -23212.0 1554.0 3655.0 28692.0 90996.0 345.0 13853.0 52818.0 60253.0 -21445.0 -39072.0 47294.0 2977.0 -19730.0 -39982.0 52288.0 24369.0 -54387.0 79587.0 4650.0
-6142.0 20798.0 -98545.0 41212.0 64524.0 70149.0 6314.0 2699.0 -44962.0 28931.0 -46343.0 6780.0 -32269.0 -37575.0 -17638.0 -36729.0 -17101.0 56382.0 54644.0 27765.0 81863.0 -12293.0 7252.0 -43515.0 55654.0 70163.0 -1992.0 61027.0 38828.0 11110.0 30257.0 24586.0 -90837.0 61190.0 -59485.0 27510.0 22278.0 113191.0 -13427.0 21608.0 113287.0 21839.0 -4534.0 -63071.0 26636.0 12404.0 55117.0 23552.0
-13858.0 45536.0 -24416.0 -43544.0 -48067.0 12502.0 32614.0 -39442.0 3983.0 5515.0 21330.0 53198.0 61046.0 -51544.0 33754.0 -14339.0 38005.0 -22463.0 12597.0 57768.0 -24610.0 -11863.0 82885.0 -33336.0 -6740.0 -51314.0 -53735.0 33702.0 33014.0 -16220.0 7408.0 -39726.0 -61200.0 -32582.0 36171.0 -18628.0 -6657.0 -40681.0 33600.0 -12868.0 776.0 116292.0 52955.0 45023.0 -79497.0 11108.0 -8435.0 31906.0
-2026.0 60955.0 27707.0 140378.0 -36444.0 44463.0 -32256.0 1982.0 40535.0 -14846.0 -16012.0 -47980.0 31045.0 -74278.0 98464.0 40102.0 -58340.0 -5677.0 -71326.0 -39284.0 118189.0 -111080.0 -21556.0 33281.0 98183.0 6998.0 -41107.0 -74831.0 39134.0 -29022.0 106638.0 97945.0 51195.0 -50937.0 -36897.0 -1380.0 69328.0 1890.0 -61847.0 88149.0 -155915.0 -11610.0 14602.0 46713.0 -7765.0 26864.0 14212.0 -12842.0
-76153.0 74016.0 -79882.0 82361.0 75635.0 -22588.0 28685.0 -74658.0 -24710.0 -9764.0 68518.0 77043.0 47362.0 -27138.0 52697.0 71049.0 9087.0 70867.0 -23643.0 26635.0 34352.0 21539.0 70508.0 -45757.0 7321.0 57992.0 52589.0 33060.0 916.0 -6233.0 -8761.0 84493.0 22281.0 106338.0 -8519.0 -27389.0 -10301.0 53238.0 -86064.0 129155.0 -23996.0 27606.0 -27489.0 19400.0 28059.0 -65665.0 82757.0 25252.0
-45436.0 60170.0 -20808.0 22134.0 21010.0 -18333.0 126798.0 45679.0 3647.0 -5949.0 -16768.0 36512.0 16341.0 13298.0 -36911.0 55813.0 -18088.0 61065.0 53091.0 -14890.0 -18142.0 -9302.0 -2422.0 63814.0 70469.0 -11707.0 -27433.0 52082.0 60898.0 -79106.0 14035.0 -65921.0 22286.0 -21380.0 101964.0 -5700.0 -65372.0 67195.0 18906.0 18058.0 21270.0 17639.0 34879.0 9408.0 -15351.0 79864.0 -38593.0 30182.0
-19288.0 -5245.0 -17773.0 6336.0 59425.0 -99753.0 16824.0 48601.0 -6230.0 39499.0 -80803.0 14761.0 -42514.0 67538.0 2486.0 107423.0 -31253.0 -80602.0 34066.0 101630.0 -73524.0 21265.0 -26043.0 -20411.0 60725.0 1390.0 28201.0 -22106.0 121950.0 29290.0 7876.0 -45246.0 -38980.0 -51982.0 105855.0 68250.0 -7634.0 47689.0 54333.0 10325.0 7146.0 60863.0 32348.0 -18597.0 6792.0 -12881.0 32276.0 24266.0
-16933.0 -16971.0 83743.0 25936.0 10769.0 56159.0 15424.0 -69221.0 41497.0 41717.0 41035.0 18892.0 -58678.0 -16427.0 -21363.0 17535.0 102946.0 -18324.0 -1101.0 55751.0 16203.0 108.0 -1084.0 29095.0 -46354.0 -1548.0 35980.0 -58719.0 -13065.0 6556.0 85810.0 -14745.0 -3122.0 -55987.0 28192.0 22952.0 -52307.0 122347.0 4160.0 -59258.0 34437.0 -47061.0 74686.0 -31544.0 17479.0 -29417.0 -27988.0 38190.0
-16474.0 -28126.0 -54704.0 34188.0 -55806.0 -23463.0 29400.0 -24028.0 -20450.0 -16862.0 -22945.0 7103.0 3073.0 2910.0 -53685.0 -6205.0 -11641.0 -79469.0 62249.0 -43037.0 -10801.0 6806.0 -76748.0 70086.0 -28655.0 -25277.0 -45736.0 48051.0 -6756.0 -47078.0 26098.0 20637.0 -33847.0 -19892.0 -22912.0 -6238.0 -88765.0 -30909.0 58387.0 -48786.0 7114.0 1119.0 -32718.0 -23877.0 58888.0 -6426.0 -39925.0 15360.0
