183
224
115
52
238
65
223
53
177
94
13
188
101
5
78
21
255
176
193
117
4
110
71
99
183
44
165
106
79
245
13
234
125
12
197
181
45
4
122
24
158
190
233
16
51
139
68
244
139
202
113
69
100
181
159
154
28
34
251
196
234
188
228
22
243
145
160
179
152
44
173
163
98
4
76
49
15
74
128
89
65
147
241
243
167
12
22
237
128
9
176
128
206
9
67
178
6
214
8
198
197
10
227
57
195
75
106
157
239
167
157
155
130
169
116
7
190
200
154
26
98
126
255
32
140
108
198
123
229
40
125
208
4
68
33
58
209
20
131
101
255
65
142
25
104
98
155
174
229
165
7
38
101
71
204
69
116
171
61
34
240
156
199
226
11
121
140
86
180
26
47
120
150
218
178
65
131
171
247
22
19
42
102
249
193
188
236
41
152
37
200
180
105
138
1
97
75
40
2
112
111
8
179
50
28
18
72
170
96
180
224
58
167
179
99
52
191
211
251
235
221
201
93
214
246
148
62
208
128
242
135
186
222
213
30
42
135
2
45
139
216
134
214
54
84
225
142
162
96
247
152
34
95
77
241
204
46
186
88
28
40
164
195
81
94
33
184
132
126
122
235
193
139
168
2
116
86
62
237
108
149
211
42
58
203
96
245
216
198
158
93
12
169
222
38
50
134
62
105
40
13
154
187
254
253
236
167
173
138
0
248
81
101
224
229
48
123
14
94
133
137
202
172
63
145
158
25
140
238
25
144
186
19
30
164
134
214
152
19
227
56
244
60
33
177
107
138
87
149
35
240
247
182
29
170
113
106
56
137
210
169
189
207
5
44
47
22
225
237
0
110
57
202
196
208
92
152
220
86
45
132
221
163
240
70
206
177
125
36
170
168
29
102
227
249
73
46
74
145
84
26
6
195
114
40
113
250
154
119
106
20
99
26
129
117
243
33
77
67
255
141
188
119
173
120
88
183
163
195
98
211
114
63
113
198
205
18
232
50
27
191
214
88
20
64
144
14
174
118
227
125
95
76
108
32
160
97
10
65
36
240
161
134
129
98
43
165
23
29
30
114
118
173
192
196
51
8
190
166
6
158
207
1
10
201
234
88
160
248
118
212
142
132
226
254
216
235
190
94
247
237
78
147
166
218
18
2
162
186
46
28
105
113
145
202
76
213
255
136
92
12
239
61
2
84
112
127
58
52
175
181
56
116
36
88
120
213
101
88
187
143
71
245
93
216
223
3
211
129
86
54
121
108
156
138
183
249
252
13
58
1
94
199
13
93
239
27
248
202
93
77
27
14
64
223
198
168
78
225
95
86
69
24
213
159
166
243
163
27
20
211
91
71
217
93
214
165
105
78
202
243
201
200
194
145
50
230
243
109
213
157
239
34
211
166
24
207
246
19
218
4
20
70
92
233
158
193
237
138
194
49
247
245
163
204
210
243
144
45
150
144
217
206
140
239
13
13
76
46
28
234
199
93
234
167
16
129
144
138
136
26
112
251
131
123
223
12
88
59
233
29
5
254
91
121
157
231
17
145
70
241
141
166
140
199
124
188
216
0
254
246
60
187
17
207
245
29
161
5
49
177
148
246
41
245
13
156
226
240
237
111
190
235
245
25
228
8
190
219
82
229
69
195
166
218
63
54
186
158
208
33
223
173
165
107
185
226
156
217
210
255
241
60
136
157
161
167
220
64
169
24
48
243
210
121
220
99
194
233
220
150
144
63
76
244
136
231
135
72
127
243
205
1
21
156
224
183
131
187
231
205
33
184
254
29
120
140
102
138
35
132
229
180
200
130
196
48
45
193
80
128
231
241
73
117
130
254
186
22
86
31
200
7
17
128
198
104
192
241
91
31
163
125
124
174
171
31
253
61
85
38
101
226
97
231
45
36
176
66
7
200
181
207
72
181
191
41
43
164
61
255
177
235
30
91
195
19
227
57
136
72
29
9
95
214
180
88
174
185
185
20
219
150
40
146
218
120
172
126
169
242
103
64
20
158
41
63
113
110
138
238
202
78
170
188
90
20
159
169
43
96
64
208
138
43
229
251
121
148
206
249
97
55
50
94
139
152
226
111
14
55
10
207
55
28
191
163
229
189
24
73
89
43
115
52
2
159
7
8
199
215
132
124
253
111
110
117
191
0
173
119
0
37
139
198
119
37
181
85
59
0
172
99
30
91
219
65
1
241
138
43
171
55
208
224
156
224
194
50
131
116
59
148
92
173
181
137
84
82
8
34
177
1
174
226
97
51
198
2
57
220
87
56
214
78
227
13
155
94
102
220
79
6
193
42
158
69
91
28
44
142
216
41
105
135
165
160
121
54
228
226
253
68
150
204
77
214
113
9
228
47
66
243
168
210
208
74
240
91
242
223
168
128
128
127
126
140
184
73
71
245
162
207
163
19
22
132
154
251
205
3
183
198
219
75
135
5
198
232
185
17
8
44
26
152
76
9
148
40
239
139
76
176
216
73
135
16
231
8
134
44
152
236
38
190
93
238
178
73
142
190
243
106
85
147
129
48
25
30
175
180
91
242
135
124
86
125
227
2
152
251
2
48
159
246
135
68
250
238
206
180
144
209
54
211
121
249
13
1
156
192
247
46
129
108
239
23
246
200
243
1
228
230
15
124
200
14
177
80
132
17
107
80
252
81
224
55
246
128
119
208
56
147
244
21
224
42
157
64
78
150
1
29
245
80
65
248
106
48
83
178
159
204
38
207
27
15
129
238
206
12
159
216
43
147
247
59
17
53
236
3
108
188
16
70
164
146
8
4
13
223
88
228
137
206
72
114
226
25
157
2
223
122
128
112
57
154
252
107
189
157
51
92
18
17
98
13
180
227
133
112
70
149
130
199
160
39
225
23
240
115
193
84
126
38
34
45
180
224
89
7
115
65
86
238
219
176
182
197
92
158
12
143
122
17
148
228
215
100
70
204
230
149
1
127
202
10
9
166
79
68
128
6
185
215
197
192
99
117
69
62
43
59
3
56
59
74
211
66
46
162
158
91
112
64
195
129
142
161
153
27
181
111
117
53
198
143
45
242
162
99
79
125
61
179
110
67
125
126
105
118
73
197
22
141
223
252
1
49
172
99
77
193
187
76
138
76
106
36
218
223
99
79
119
38
161
64
121
69
103
106
141
71
59
69
151
226
134
182
8
30
170
70
170
151
237
4
43
179
17
141
80
207
104
155
0
188
221
17
100
47
137
121
192
169
130
39
199
109
33
218
97
171
137
173
81
237
99
5
98
191
239
39
205
172
114
252
2
235
49
6
161
238
107
141
124
125
106
243
33
197
224
112
106
187
89
63
130
169
111
202
171
13
195
92
23
153
237
60
45
170
115
110
133
14
42
15
11
129
131
49
219
11
48
235
108
35
135
50
192
220
253
83
102
140
140
149
193
198
246
218
186
14
190
202
145
97
90
144
118
251
131
72
163
242
165
142
160
83
171
84
226
144
216
8
84
118
1
218
225
190
218
194
175
228
75
45
165
111
229
100
76
134
186
15
14
223
62
254
190
58
43
161
75
106
86
70
120
139
160
124
123
163
73
102
143
29
195
104
201
56
96
181
200
192
127
145
229
122
215
215
242
37
133
179
8
101
123
228
56
148
217
112
222
50
85
17
119
109
55
61
129
191
54
109
29
11
178
195
224
92
70
90
60
147
240
43
75
238
138
160
226
202
36
46
182
163
3
66
23
49
128
163
221
162
233
94
84
174
143
187
123
205
91
22
117
243
113
50
92
168
143
196
230
182
11
2
168
2
143
98
96
33
12
88
174
35
50
87
123
30
67
13
213
229
237
212
72
8
230
24
112
186
22
207
165
131
145
138
159
227
43
224
131
76
204
91
15
64
109
211
196
160
187
119
125
224
111
146
187
159
117
245
53
203
36
69
165
246
34
249
82
185
28
99
121
176
211
135
211
238
159
105
5
112
105
41
176
140
228
111
229
13
88
27
254
110
197
22
6
20
13
160
60
246
135
217
51
49
178
232
61
138
175
66
118
197
251
25
126
5
0
69
155
201
186
245
198
50
126
124
122
248
98
174
59
80
107
99
164
80
142
224
24
132
209
167
140
8
0
119
114
82
79
198
165
223
146
104
236
22
106
173
211
26
127
12
57
233
33
200
222
144
65
85
160
42
151
113
210
4
70
29
141
63
77
213
59
16
2
194
201
144
213
20
141
208
19
13
87
87
46
91
242
123
167
153
65
33
67
11
128
181
7
72
201
165
172
219
76
25
27
128
215
142
134
64
249
33
154
238
55
1
110
2
208
53
39
83
45
138
228
33
21
143
197
232
155
34
130
106
142
218
149
100
95
129
163
5
14
77
232
148
91
57
75
1
228
29
49
179
198
11
219
82
14
69
98
148
214
59
207
148
24
112
145
162
61
53
145
245
151
75
27
115
80
246
5
219
230
118
95
237
81
131
238
57
96
58
181
70
216
200
107
174
104
159
219
110
6
87
175
190
57
219
248
198
157
176
209
182
116
218
41
125
87
7
92
153
204
65
56
194
227
43
234
32
75
79
181
208
186
195
78
186
129
194
55
253
38
36
187
197
136
7
116
98
247
27
64
41
40
34
159
133
15
64
190
65
71
0
211
43
149
100
240
5
175
35
158
77
21
67
194
79
68
233
175
144
236
5
230
92
18
87
160
33
115
51
195
129
64
84
170
80
143
222
15
136
98
124
198
34
120
80
59
115
59
228
192
121
161
25
196
170
193
25
64
217
99
184
159
209
112
61
102
118
158
134
217
132
145
249
215
3
114
58
104
14
112
104
141
150
112
162
91
120
152
97
221
73
37
220
84
183
8
194
252
108
36
146
144
180
164
226
27
214
133
214
66
15
163
254
25
145
102
84
41
155
196
238
8
19
134
196
213
105
68
75
232
95
30
100
130
24
102
142
209
37
150
161
187
12
124
144
6
112
90
149
26
148
13
203
96
236
21
136
245
200
180
239
127
63
80
48
66
78
129
31
233
249
178
87
13
163
39
150
239
239
189
151
19
139
39
201
49
42
57
108
243
153
21
183
167
58
185
173
6
41
131
23
87
88
201
234
154
82
80
39
55
200
243
166
146
35
138
194
132
203
88
188
108
101
123
1
65
69
102
168
131
71
55
178
25
199
28
200
247
205
127
116
57
17
93
87
191
194
142
12
173
253
115
29
173
233
105
74
233
215
164
189
205
19
117
141
99
222
83
81
245
67
111
149
116
187
39
97
79
193
224
59
156
177
136
1
23
145
16
67
216
98
148
254
244
221
46
112
225
55
147
212
72
225
177
199
183
245
157
67
184
71
115
68
126
68
119
27
117
92
25
201
51
196
174
131
6
106
194
111
22
61
197
217
109
110
124
76
88
5
103
144
242
53
27
188
216
7
252
100
198
66
147
238
225
142
115
117
213
162
128
246
66
215
176
232
172
90
223
195
92
52
36
49
165
205
147
82
240
206
141
4
225
108
139
212
50
212
236
21
207
116
2
138
45
3
250
52
237
112
237
73
233
165
187
200
103
186
182
25
180
134
229
185
140
6
210
167
0
55
22
76
32
32
10
190
37
23
46
28
81
17
44
232
133
89
88
30
30
213
207
41
85
11
14
253
145
128
104
99
96
229
103
142
64
71
51
